arguments for VoteAnnonymous(...)


Voter f94037b8743d768b87362b7816f28572f83f4a4bc9910b874041e7b2aa183690 votes for candidate a26206ff332ea3903764615134ad8d78ac5afc8375bcbf5978d29d33bd7495f6
voter_id=f94037b8743d768b87362b7816f28572f83f4a4bc9910b874041e7b2aa183690
candidate_id=a26206ff332ea3903764615134ad8d78ac5afc8375bcbf5978d29d33bd7495f6
Ix=112353629510230028593021707409842513141761533364577641769712412445972408209488
Iy=62335544329735718168800227325910227185191186472151527621936090973147258305941
c=13157616658458337704883302923772357735407839895378623839740475460192663189659
s=11,170,92,182,55,213,138,239,32,198,78,149,253,64,123,225,218,46,38,233,105,234,102,192,24,127,6,180,48,229,175,88,243,160,123,112,243,189,22,220,249,109,208,70,205,220,92,3,150,76,187,233,51,191,88,198,217,191,239,234,65,196,122,89
candidates=['6891040a7df7f65a9bb9a89230be77ceae0083f0814a8fdfaab03d8b6bf86c2b', 'a6a07d76d6d5f6f2f2847358ca2a99601f42fb63c9922a1335ae952315ece7cd', '637eb5117d2e45dd392b34bc6f0b2aceef1cd00a2a8453bc669e811fc7270075']
threshold=3
ready=true


Voter 2b37d6fe4cb8666e9c286611a34f8a1dabde6ce51a30feaedc52290ad3dc09fe votes for candidate 3de4b40e321fc15fd203d953644267bcc06aa9b414b4357001c6673f254cff27
voter_id=2b37d6fe4cb8666e9c286611a34f8a1dabde6ce51a30feaedc52290ad3dc09fe
candidate_id=3de4b40e321fc15fd203d953644267bcc06aa9b414b4357001c6673f254cff27
Ix=18801705097408010033781236792227457721420355997391149492713347991402182450137
Iy=13678268448431349773084955884565570309311217108657298562837076986644658641465
c=53336940285883139378294278674760201432253975784921564802818883652102545272804
s=40,87,222,140,29,54,90,13,213,186,244,240,217,200,180,142,57,120,3,161,77,181,107,1,186,205,22,218,18,134,12,115,82,85,148,190,130,166,144,138,36,155,166,29,167,118,115,33,106,251,135,233,23,81,189,137,35,184,193,87,7,211,139,114
candidates=['6891040a7df7f65a9bb9a89230be77ceae0083f0814a8fdfaab03d8b6bf86c2b', 'a6a07d76d6d5f6f2f2847358ca2a99601f42fb63c9922a1335ae952315ece7cd', '637eb5117d2e45dd392b34bc6f0b2aceef1cd00a2a8453bc669e811fc7270075']
threshold=3
ready=true


Voter 2108c59082115d75636a7e618bbe08b749182b5adcadb8e0f9ca70b8a1c69949 votes for candidate 1cba39112887ac269a9d4b5240f8aa085f2657d3372f94f0b70f134aa7918e05
voter_id=2108c59082115d75636a7e618bbe08b749182b5adcadb8e0f9ca70b8a1c69949
candidate_id=1cba39112887ac269a9d4b5240f8aa085f2657d3372f94f0b70f134aa7918e05
Ix=58975436952507249085390463850744078783369851029660868072695808581905348673887
Iy=84539349395377531452735177583931950707150015694317048850790684572287869381563
c=100751627186597914820573836779921854727412990761915787123431981398169510954604
s=213,241,145,14,28,101,88,25,32,55,89,187,208,33,248,139,58,236,57,252,58,117,23,175,182,15,23,73,37,244,243,206,135,114,105,23,255,157,138,38,225,253,110,79,175,98,243,170,214,117,182,116,142,213,168,144,68,61,173,184,171,8,66,152
candidates=['6891040a7df7f65a9bb9a89230be77ceae0083f0814a8fdfaab03d8b6bf86c2b', 'a6a07d76d6d5f6f2f2847358ca2a99601f42fb63c9922a1335ae952315ece7cd', '637eb5117d2e45dd392b34bc6f0b2aceef1cd00a2a8453bc669e811fc7270075']
threshold=3
ready=true
